0034194038
0099062834
0875072035
0979818500
0493286953
0422648278
0976159819
0323361699
0653414103
0587880244
0526909297
0730333099
0574593778
0756074314
0611015916
0990871483
0662574565
0967513197
0517056051
0040254845
0876974740
0200251451
0822572390
0060283279
0326346741
0883212906
0087401099
0002862084
0546775040
0347891987
0123401888
0064132601
0392116329
0832994754
0458521586
0613534956
0559963463
0111360768
0596802801
0411455265
0521313865
0039936155
0810960769
0004107491
0900298849
0639397739
0850290422
0145797194
0123611102
0245389841
0514516653
0328764209
0589249727
0249133255
0558085371
0964574143
0179676366
0535562432
0758950775
0990299819
0057959508
0216298703
0659634742
0091313445
0169966939
0089970367
0758274878
0591389315
0705713916
0198563356
0814942678
0453246901
0450588189
