0200251451
0064132601
0458521586
0111360768
0596802801
0810960769
0639397739
0145797194
0514516653
0589249727
0249133255
0558085371
0964574143
0179676366
0216298703
0591389315
0198563356
0814942678
0453246901
0066945797
0133683185
0734403427
0749948971
0025685009
0617191948
0027154896
0109667559
0713922718
0023050621
0611428459
0185741571
0450821146
0316740565
0993197869
0346008183
0925673286
0056288304
0478321538
0266508685
0250419558
0642779811
0372554029
0967727170
0144993102
0143290277
0644113515
0299869274
0557184598
0779217235
0291958188
0059549910
0859800921
0364397842
0279847663
0052557633
0981499739
0585265051
0258591503
0907006727
0498727740
0574889070
0427355462
0650663848
0451012093
0462449836
0018306076
0409805766
0784242766
0982733910
0677457607
0060728141
0878664124
0857614553
0596391560
0045994030
0122118712
0621779775
0874454183
0265583660
0525140327
0071537835
0927811537
0510960381
0968837754
0838814517
0602262488
0388613803
0279999627
0668521567
0304349168
0107271052
0194026519
0787095648
0388885354
0417415920
0498692624
0268960736
0951156204
0935125464
0627566029
0186121547
0702569387
0444369085
0071857340
0916515955
0750426323
0248248574
0866684963
0398503837
0657406569
0951914209
0604748338
0755377716
0507763373
0612952810
0831857634
0069365733
0639778912
0901012823
0518778505
0778116195
0344083048
0577643204
0629476778
0138849913
0130528127
0918469374
0996303482
0543241183
0228603324
0387289396
0252514257
0189270705
0523699292
